==============================================================================================================================================================================================================================
Correlation Matrix:
               centroid_mean  spread_mean  rolloff_mean  flatness_mean  zcr_mean  flux_mean  mfcc_1_mean  mfcc_2_mean  mfcc_3_mean  mfcc_4_mean  mfcc_5_mean  mfcc_6_mean  mfcc_7_mean  mfcc_8_mean  mfcc_9_mean  mfcc_10_mean
centroid_mean       1.000000     0.880361      0.979128       0.414618  0.908885   0.769512     0.088589    -0.809827    -0.025588     0.282535    -0.379084     0.149724     0.123835     0.378269     0.198887      0.320844
spread_mean         0.880361     1.000000      0.927404       0.375577  0.682498   0.752356     0.110326    -0.764386     0.231106     0.429929    -0.187572     0.261694     0.275007     0.495873     0.381309      0.409909
rolloff_mean        0.979128     0.927404      1.000000       0.428839  0.853765   0.791204     0.098362    -0.770577     0.095812     0.393555    -0.295218     0.153161     0.150645     0.413755     0.272980      0.390863
flatness_mean       0.414618     0.375577      0.428839       1.000000  0.350881   0.112415    -0.515407    -0.249648     0.094720    -0.144224     0.038957    -0.028696    -0.054269    -0.088808    -0.002576      0.001295
zcr_mean            0.908885     0.682498      0.853765       0.350881  1.000000   0.653506     0.101534    -0.660575    -0.051854     0.259095    -0.303623     0.169170     0.114688     0.305906     0.026271      0.189497
flux_mean           0.769512     0.752356      0.791204       0.112415  0.653506   1.000000     0.318731    -0.573287     0.033500     0.430347    -0.363887     0.090115     0.123763     0.359129     0.285541      0.469344
mfcc_1_mean         0.088589     0.110326      0.098362      -0.515407  0.101534   0.318731     1.000000     0.071440    -0.189833     0.386561    -0.237646    -0.078123    -0.087978     0.080903     0.007863      0.034518
mfcc_2_mean        -0.809827    -0.764386     -0.770577      -0.249648 -0.660575  -0.573287     0.071440     1.000000     0.128219    -0.212338     0.513077    -0.231895    -0.227030    -0.469315    -0.273469     -0.234780
mfcc_3_mean        -0.025588     0.231106      0.095812       0.094720 -0.051854   0.033500    -0.189833     0.128219     1.000000     0.249752     0.623728     0.389365     0.445334     0.464307     0.481726      0.335962
mfcc_4_mean         0.282535     0.429929      0.393555      -0.144224  0.259095   0.430347     0.386561    -0.212338     0.249752     1.000000     0.067989     0.034233     0.089939     0.244653     0.181403      0.335374
mfcc_5_mean        -0.379084    -0.187572     -0.295218       0.038957 -0.303623  -0.363887    -0.237646     0.513077     0.623728     0.067989     1.000000     0.304937     0.109597    -0.076201    -0.065513     -0.053029
mfcc_6_mean         0.149724     0.261694      0.153161      -0.028696  0.169170   0.090115    -0.078123    -0.231895     0.389365     0.034233     0.304937     1.000000     0.542288     0.406435     0.099997     -0.079817
mfcc_7_mean         0.123835     0.275007      0.150645      -0.054269  0.114688   0.123763    -0.087978    -0.227030     0.445334     0.089939     0.109597     0.542288     1.000000     0.750158     0.476260      0.034243
mfcc_8_mean         0.378269     0.495873      0.413755      -0.088808  0.305906   0.359129     0.080903    -0.469315     0.464307     0.244653    -0.076201     0.406435     0.750158     1.000000     0.773738      0.270888
mfcc_9_mean         0.198887     0.381309      0.272980      -0.002576  0.026271   0.285541     0.007863    -0.273469     0.481726     0.181403    -0.065513     0.099997     0.476260     0.773738     1.000000      0.586786
mfcc_10_mean        0.320844     0.409909      0.390863       0.001295  0.189497   0.469344     0.034518    -0.234780     0.335962     0.335374    -0.053029    -0.079817     0.034243     0.270888     0.586786      1.000000
==============================================================================================================================================================================================================================



============================
Accuracy with k=3: 70.00%
============================